0.000000000000000000e+00 -2.214216181962117558e-01 9.556276011639008860e-01
1.000000000000000000e+00 1.127832918882918367e+00 8.859418231433580093e-01
2.000000000000000000e+00 7.592637546221916445e-01 -2.868644252489020996e-01
3.000000000000000000e+00 -2.039592569565543134e-02 -7.248643843692841315e-01
4.000000000000000000e+00 -6.429618500184419716e-01 -9.262825064524318197e-01
5.000000000000000000e+00 -1.103149153673081528e+00 4.511884256151813544e-01
6.000000000000000000e+00 -5.651813001773642320e-03 8.463807213141980590e-01
7.000000000000000000e+00 5.669880540923551981e-01 3.955535678179781245e-01
8.000000000000000000e+00 7.626953032041111635e-01 6.093831421745934951e-02
9.000000000000000000e+00 3.371975669399234210e-01 -8.342703329190757078e-01
1.000000000000000000e+01 -7.550644381732980470e-01 -1.233019211391631842e+00
1.100000000000000000e+01 -9.164026086048695507e-01 4.262800154501940504e-03
1.200000000000000000e+01 -7.856335384701930158e-01 9.982658225717252476e-01
1.300000000000000000e+01 6.169527667352537881e-01 7.865596992790018227e-01
1.400000000000000000e+01 1.236048029615001820e+00 9.325864629148632179e-02
1.500000000000000000e+01 4.566729292647188077e-01 -6.834384425326929247e-01
1.600000000000000000e+01 -5.533780570078473682e-01 -7.695143466135694332e-01
1.700000000000000000e+01 -9.437397139250911504e-01 -3.157551407475959748e-01
1.800000000000000000e+01 -8.405284907029596519e-01 5.935268866062962667e-01
1.900000000000000000e+01 2.125581749295146206e-01 7.517781078100369552e-01
2.000000000000000000e+01 7.436837979956888445e-01 4.738893329881409544e-01
2.100000000000000000e+01 5.385216243893744537e-01 -5.316640292381473731e-01
2.200000000000000000e+01 1.720657078292209818e-01 -1.223855966410190232e+00
2.300000000000000000e+01 -5.275586052120531111e-01 -5.399905591341824795e-02
2.400000000000000000e+01 -1.422732460216626471e+00 4.738410501545072262e-01
2.500000000000000000e+01 -2.152979867961705707e-01 1.086802665417828218e+00
2.600000000000000000e+01 1.025875309140031444e+00 7.311451005701568029e-01
2.700000000000000000e+01 1.115350671374679692e+00 -5.694830173466625123e-01
2.800000000000000000e+01 4.999560703702686792e-01 -7.284233306445930811e-01
2.900000000000000000e+01 -7.569488550064169541e-01 -4.858913189021840107e-01
3.000000000000000000e+01 -1.192936043961180470e+00 1.345428740899442532e-01
3.100000000000000000e+01 -4.229589884964983781e-01 7.190049188354256104e-01
3.200000000000000000e+01 6.556066443931846122e-01 9.180449353876586338e-01
3.300000000000000000e+01 6.355699123102968029e-01 2.350824625591882433e-01
3.400000000000000000e+01 4.911696057015379480e-01 -8.219866197159183541e-01
3.500000000000000000e+01 -5.016880909345916573e-01 -2.968975077940988472e-01
3.600000000000000000e+01 -1.339605748001550189e+00 -7.229656536959787327e-02
3.700000000000000000e+01 -9.437308643805530917e-01 5.106202133751187588e-01
3.800000000000000000e+01 2.370135846709365002e-01 1.100043316019552853e+00
3.900000000000000000e+01 7.238610908852420867e-01 1.403878373959825121e-01
4.000000000000000000e+01 9.536507053102342146e-01 -8.234901239377609983e-01
4.100000000000000000e+01 -3.015519627238143485e-01 -7.420337383771878903e-01
4.200000000000000000e+01 -8.954822908149074889e-01 -5.677881995633102807e-01
4.300000000000000000e+01 -8.948803530897192493e-01 6.306401265067065331e-01
4.400000000000000000e+01 3.959574127514650099e-01 1.008559600792991340e+00
4.500000000000000000e+01 8.866856509185800927e-01 3.745957733064849693e-01
4.600000000000000000e+01 1.104834010458916937e+00 -5.804617839762566955e-01
4.700000000000000000e+01 -1.065114932649242896e-01 -1.389553121807916902e+00
4.800000000000000000e+01 -1.099066020754018824e+00 -6.159878117360998440e-01
4.900000000000000000e+01 -7.701275132985445637e-01 5.768223972356851803e-01
5.000000000000000000e+01 2.343722067136944087e-02 1.122014898386888060e+00
5.100000000000000000e+01 8.193149858384610740e-01 7.403122191110831363e-01
5.200000000000000000e+01 1.160283356877154004e+00 -1.825388212433205759e-01
5.300000000000000000e+01 3.466053205607457777e-01 -1.319143666813639371e+00
5.400000000000000000e+01 -5.743966668111636364e-01 -1.160527416349750318e+00
5.500000000000000000e+01 -1.132003352230148030e+00 1.805664387209417188e-01
5.600000000000000000e+01 -5.742002583939772586e-01 8.950573532828458578e-01
5.700000000000000000e+01 5.965733729783992967e-01 8.809737267896395885e-01
5.800000000000000000e+01 1.063760948957125585e+00 4.066498501250073727e-02
5.900000000000000000e+01 4.949723762323035015e-01 -5.563815444243288555e-01
6.000000000000000000e+01 -5.828630751214012307e-01 -4.212023589379504385e-01
6.100000000000000000e+01 -1.238475151530634033e+00 -1.653171292940806281e-01
6.200000000000000000e+01 -6.144617260314063634e-01 9.236132267333034829e-01
6.300000000000000000e+01 1.661802122333183585e-02 9.298881682920079328e-01
6.400000000000000000e+01 9.711252091842275114e-01 5.852657135531295074e-01
6.500000000000000000e+01 6.839467602566995375e-01 -9.335133244067383984e-01
6.600000000000000000e+01 -2.063314042464867160e-02 -9.255926293375593694e-01
6.700000000000000000e+01 -5.982388254333008692e-01 -3.203176407377844592e-01
6.800000000000000000e+01 -8.858340463176279655e-01 5.225683361820337991e-01
6.900000000000000000e+01 -2.399395767880299624e-01 1.330405272091461644e+00
7.000000000000000000e+01 1.001616851130741281e+00 4.792142658234985753e-01
7.100000000000000000e+01 8.834278669554850305e-01 -5.458151202275930425e-01
7.200000000000000000e+01 -1.696202356609444184e-03 -7.070409894601539236e-01
7.300000000000000000e+01 -5.312855406818681736e-01 -3.760195686078765531e-01
7.400000000000000000e+01 -9.533181865826654278e-01 1.119821945918824113e-01
7.500000000000000000e+01 -1.308668482820534718e-01 7.967830594225933094e-01
7.600000000000000000e+01 7.296594857819581614e-01 5.997874236590821084e-01
7.700000000000000000e+01 1.029642390567893973e+00 1.961055497024382366e-01
7.800000000000000000e+01 6.602088665182204164e-01 -6.678824113090613412e-01
7.900000000000000000e+01 -5.460600169356875089e-01 -1.211133135572519226e+00
8.000000000000000000e+01 -1.099137269433863917e+00 6.352733432439953976e-02
8.100000000000000000e+01 -5.750511002821715456e-01 4.918343597868792272e-01
8.200000000000000000e+01 1.503158863988651450e-01 9.296176748713826932e-01
8.300000000000000000e+01 9.511696604489221496e-01 -1.301471820309368921e-02
8.400000000000000000e+01 6.714508908486048755e-01 -5.853793946584130437e-01
8.500000000000000000e+01 -2.394736501277476837e-01 -6.186961638360943816e-01
8.600000000000000000e+01 -8.244652138122153806e-01 -1.581682133603793949e-01
8.700000000000000000e+01 -1.053160412877355068e+00 8.618440368499010740e-01
8.800000000000000000e+01 -1.260621150509426969e-01 9.600410140762369871e-01
8.900000000000000000e+01 9.714988610526889001e-01 8.179015849404434046e-01
9.000000000000000000e+01 9.914565875419306673e-01 -5.937402152111177500e-01
9.100000000000000000e+01 -4.441528108516529239e-04 -8.504550272126158994e-01
9.200000000000000000e+01 -4.264501266352599962e-01 -4.251628758025393084e-01
9.300000000000000000e+01 -9.566440625315156820e-01 4.683053305255046039e-01
9.400000000000000000e+01 -4.737194187060019268e-01 9.951458511610679070e-01
9.500000000000000000e+01 5.763889942408576550e-01 6.120209373186427104e-01
9.600000000000000000e+01 9.573086248723914338e-01 -4.510350318281475257e-02
9.700000000000000000e+01 5.056535518212410540e-01 -1.252066094828563125e+00
9.800000000000000000e+01 -3.936669253513285227e-01 -1.051362009045885948e+00
9.900000000000000000e+01 -6.174718251285820081e-01 9.217128260597580447e-02
1.000000000000000000e+02 -8.621458712912075661e-01 1.275266674788100518e+00
